  1.  0.00145701028  0.000514767074
  1.00544167  0.00147239782  0.000523425872
  1.01091301  0.00148803496  0.000532655802
  1.01641417  0.00150386582  0.000542184396
  1.02194512  0.00151986466  0.000551882898
  1.02750623  0.00153567316  0.000561890891
  1.03309762  0.00155155791  0.000572113786
  1.03871953  0.00156760705  0.000582522771
  1.04437184  0.0015835556  0.000593121396
  1.05005503  0.00159961858  0.000603913097
  1.05576909  0.0016158435  0.000614901655
  1.06151438  0.00163200707  0.000626089808
  1.06729078  0.001648303  0.000637481047
  1.07309866  0.00166476076  0.000649079797
  1.07893813  0.00168113189  0.00066088693
  1.08480942  0.00169764506  0.000672908616
  1.09071267  0.00171431841  0.000685149513
  1.09664798  0.00173087383  0.000697608222
  1.10261559  0.00174758071  0.000710293767
  1.10861576  0.00176443881  0.000723209931
  1.11464846  0.00178114069  0.000736361719
  1.12071407  0.00179799751  0.000749753031
  1.1268127  0.00181498413  0.000763388118
  1.13294446  0.00183176971  0.000777269597
  1.13910961  0.0018487057  0.00079140364
  1.14530826  0.00186573819  0.000805794494
  1.15154076  0.00188248488  0.000820447982
  1.15780711  0.00189937453  0.000835367828
  1.16410756  0.00191629247  0.000850558281
  1.17044222  0.00193271169  0.000866023358
  1.17681146  0.00194926106  0.000881770509
  1.18321538  0.00196571415  0.000897647813
  1.18965399  0.00198135572  0.000913166441
  1.19612777  0.00199710578  0.00092895393
  1.20263672  0.00201296411  0.000944643631
  1.20918119  0.00202893536  0.000959408993
  1.21576118  0.00204501487  0.000974405149
  1.22237694  0.00206140848  0.000989636173
  1.22902882  0.00207843957  0.00100510812
  1.23571682  0.00209559663  0.00102082151
  1.24244118  0.00211284962  0.00103677972
  1.24920225  0.00213016616  0.00105298613
  1.25600004  0.00214760867  0.00106944551
  1.26283479  0.00216505048  0.00108616287
  1.26970685  0.00218240172  0.00110314111
  1.27661622  0.00219987356  0.00112038478
  1.28356314  0.00221729744  0.00113776082
  1.29054785  0.00223459792  0.00115521078
  1.29757071  0.00225201296  0.00117292849
  1.30463171  0.00226953952  0.00119061687
  1.3117311  0.00228717923  0.00120821083
  1.31886911  0.00230493327  0.00122606452
  1.32604611  0.00232284097  0.00124418258
  1.33326197  0.00234090141  0.00126256794
  1.34051728  0.0023590799  0.00128122512
  1.34781194  0.0023772649  0.00130015775
  1.35514629  0.00239547226  0.00131937
  1.36252069  0.00241379393  0.00133886677
  1.36993504  0.00243199524  0.00135865132
  1.37738991  0.00245014206  0.00137872866
  1.38488519  0.00246839435  0.00139910239
  1.39242136  0.00248598889  0.00141977717
  1.39999855  0.00250322418  0.00144075707
  1.40761685  0.0025205391  0.00146204745
  1.41527677  0.00253756042  0.00148194877
  1.42297828  0.00255447184  0.00150129467
  1.43072164  0.00257144985  0.00152089249
  1.4385072  0.00258959807  0.00154067494
  1.4463352  0.00260827085  0.00156068662
  1.45420575  0.00262704282  0.00158095779
  1.4621191  0.00264600501  0.00160149229
  1.47007549  0.00266509759  0.0016222928
  1.47807527  0.00268429238  0.00164336397
  1.48611844  0.00270362454  0.00166470848
  1.49420547  0.0027230694  0.00168633158
  1.5023365  0.00274261576  0.00170823513
  1.51051176  0.00276216329  0.00173042389
  1.51873159  0.00278179254  0.00175290159
  1.52699602  0.00280152168  0.00177567056
  1.5353055  0.00282080122  0.00179873453
  1.54366016  0.00284010195  0.00182209769
  1.55206037  0.0028594879  0.00184576493
  1.56050622  0.00287877698  0.00186821551
  1.56899798  0.00289813383  0.00189083512
  1.57753611  0.00291756983  0.00191372947
  1.58612061  0.00293808244  0.00193689507
  1.59475172  0.00295871473  0.00196034112
  1.60342991  0.00297945132  0.00198407052
  1.61215532  0.00300045731  0.0020080884
  1.62092817  0.00302156643  0.00203239755
  1.62974882  0.00304278731  0.00205700076
  1.6386174  0.00306423288  0.0020818999
  1.64753425  0.00308578485  0.00210710033
  1.65649974  0.00310745183  0.00213260693
  1.66551387  0.00312929298  0.00215842226
  1.67457712  0.00315124099  0.00218455074
  1.68368971  0.00317331031  0.00221099681
  1.69285178  0.00319556799  0.0022377735
  1.7020638  0.0032179344  0.00226487359
  1.711326  0.00324039627  0.00229236647
  1.72063851  0.00326291122  0.00232045492
  1.73000169  0.00328553142  0.0023488868
  1.73941588  0.00330816628  0.00237766793
  1.74888122  0.00333061488  0.00240680226
  1.75839818  0.00335315848  0.00243629329
  1.76796687  0.00337571022  0.0024661459
  1.77758765  0.00339812925  0.00249636336
  1.78726077  0.00342063513  0.00252695079
  1.79698646  0.00344308745  0.00255791401
  1.8067652  0.00346533302  0.00258925953
  1.81659698  0.00348765333  0.00262098922
  1.82648242  0.00350982533  0.00265310635
  1.83642161  0.00353168882  0.00268561346
  1.84641492  0.00355361099  0.00271851919
  1.85646248  0.00357483211  0.0027518298
  1.86656487  0.00359501294  0.00278555066
  1.8767221  0.00361520844  0.0028196855
  1.88693476  0.00363465003  0.00285306713
  1.89720285  0.00365317496  0.00288544665
  1.90752685  0.00367167126  0.00291819475
  1.91790712  0.00369110005  0.00294979312
  1.92834377  0.00371147948  0.00298021059
  1.93883729  0.0037318652  0.0030109433
  1.94938791  0.0037530968  0.00304199173
  1.95999587  0.00377505878  0.00307336054
  1.97066152  0.00379705336  0.00310505205
  1.98138535  0.00381952641  0.00313707232
  1.99216747  0.00384235103  0.00316942227
  2.00300813  0.00386521919  0.00320210541
  2.01390815  0.0038884487  0.00323512615
  2.02486706  0.00391191151  0.00326848659
  2.03588581  0.00393542368  0.00330219115
  2.04696465  0.00395923154  0.00333624496
  2.05810356  0.00398321077  0.00337064918
  2.06930304  0.00400724122  0.0034054073
  2.08056378  0.00403150404  0.00344052515
  2.09188557  0.00405588979  0.00347600575
  2.10326886  0.00408032723  0.00351185095
  2.11471438  0.00410491973  0.00354806334
  2.1262219  0.00412959652  0.00358464825
  2.13779211  0.00415432407  0.00362160988
  2.14942551  0.00417905953  0.00365895778
  2.16112208  0.00420383085  0.00369669194
  2.17288232  0.00422864221  0.0037348133
  2.18470645  0.00425339164  0.00377267972
  2.19659495  0.0042781597  0.00381081598
  2.20854807  0.00430296129  0.00384933664
  2.22056651  0.0043283999  0.00388808409
  2.23265004  0.00435395213  0.0039272001
  2.24479961  0.00437954813  0.00396671146
  2.25701499  0.00440544588  0.00400661817
  2.26929712  0.00443140371  0.00404692721
  2.28164601  0.0044574053  0.00408764323
  2.2940619  0.00448361225  0.00412876811
  2.3065455  0.00450986391  0.00417030649
  2.31909704  0.00453615701  0.00421226444
  2.33171701  0.00456256513  0.00425464427
  2.34440541  0.0045890091  0.00429745065
  2.35716295  0.00461548287  0.00434068823
  2.36999011  0.00464195991  0.00438435609
  2.38288689  0.00466846395  0.00442846259
  2.39585376  0.00469497172  0.00447299518
  2.40889144  0.00472131371  0.00451782253
  2.42199993  0.00474767108  0.0045630997
  2.43517971  0.00477404986  0.00460874941
  2.44843125  0.00480050128  0.00465440471
  2.4617548  0.00482696109  0.00470051356
  2.47515106  0.00485348236  0.00474707922
  2.48862004  0.00488022994  0.00479410123
  2.50216246  0.00490698451  0.00484158983
  2.5157783  0.00493373489  0.00488954782
  2.52946854  0.00496046524  0.00493797939
  2.54323316  0.00498719327  0.00498689059
  2.55707264  0.0050138752  0.00503628887
  2.57098746  0.00504044443  0.00508618215
  2.5849781  0.00506699644  0.00513656996
  2.5990448  0.00509343715  0.00518745417
  2.61318803  0.00511966599  0.00523883663
  2.62740827  0.00514585711  0.00529072806
  2.64170575  0.00517182332  0.00534313451
  2.6560812  0.00519741978  0.00539605971
  2.67053485  0.00522295851  0.00544951111
  2.68506718  0.00524800317  0.00550349336
  2.69967842  0.00527235726  0.00555801205
  2.7143693  0.00529661868  0.00561307138
  2.72914004  0.00532001304  0.00566773023
  2.74399137  0.00534238061  0.0057217991
  2.75892329  0.00536460197  0.00577638112
  2.77393651  0.0053872522  0.00583038107
  2.78903151  0.00541033782  0.00588378217
  2.80420852  0.00543328561  0.00593767175
  2.81946826  0.00545672746  0.00599206053
  2.83481097  0.00548057491  0.00604695268
  2.85023713  0.00550429383  0.00610234821
  2.86574745  0.00552793778  0.00615824899
  2.88134193  0.00555148255  0.00621465873
  2.89702129  0.00557488296  0.00627158536
  2.91278601  0.00559798023  0.00632903306
  2.92863655  0.00562082417  0.00638700277
  2.9445734  0.00564350421  0.00644550659
  2.9605968  0.00566555606  0.00650455011
  2.9767077  0.00568719907  0.00656413613
  2.99290586  0.00570863811  0.00662426697
  3.00919247  0.00572789274  0.00668494077
  3.02556753  0.00574611081  0.00674616545
  3.04203176  0.00576404063  0.00680795033
  3.05858564  0.00577927195  0.00686756102
  3.07522964  0.00579339778  0.00692684017
  3.09196424  0.0058071427  0.00698663015
  3.10878968  0.00582287507  0.00704092067
  3.12570691  0.00583883282  0.0070941872
  3.14271593  0.00585444458  0.00714785606
  3.1598177  0.0058729453  0.00720193191
  3.17701244  0.00589173008  0.00725641614
  3.19430089  0.00591022708  0.00731131295
  3.21168327  0.00592990546  0.0073666214
  3.22916031  0.00594948698  0.00742234709
  3.24673247  0.00596878957  0.00747849513
  3.26440024  0.00598867517  0.00753506133
  3.28216434  0.00600834098  0.00759205688
  3.30002475  0.0060277232  0.00764948037
  3.31798267  0.00604716782  0.00770734716
  3.33603811  0.00606632465  0.00776565308
  3.35419178  0.00608517416  0.00782439765
  3.37244439  0.00610345649  0.00788359158
  3.39079618  0.00612140866  0.00794323254
  3.40924788  0.00613888912  0.00800332613
  3.42779994  0.00615406688  0.00806386583
  3.44645309  0.00616884511  0.00812486559
  3.46520782  0.00618277071  0.00818632916
  3.48406434  0.00619271025  0.00824826211
  3.50302362  0.00620213104  0.00831066445
  3.52208614  0.00621086266  0.00837085303
  3.54125214  0.00621821266  0.0084167989
  3.56052256  0.00622498477  0.00846299995
  3.57989788  0.00623306027  0.00850937515
  3.59937882  0.00624830415  0.00855569448
  3.61896539  0.00626313686  0.00860226434
  3.63865876  0.00627853582  0.00864908379
  3.65845942  0.00629664864  0.00869614258
  3.67836761  0.00631441455  0.00874346215
  3.69838428  0.00633260282  0.00879103504
  3.71850967  0.00635242136  0.00883886404
  3.73874474  0.00637191907  0.00888695475
  3.75908995  0.00639171386  0.00893531274
  3.77954578  0.00641247258  0.00898394082
  3.80011296  0.00643292628  0.00903283339
  3.8207922  0.00645353086  0.00908199232
  3.84158373  0.00647461694  0.00913141482
  3.86248851  0.00649539288  0.00918110646
  3.88350701  0.00651558489  0.00923106726
  3.90463996  0.00653505977  0.00928129442
  3.92588782  0.00655418728  0.00933179632
  3.94725132  0.00657224702  0.00938149448
  3.96873116  0.00658908254  0.00943018496
  3.99032784  0.00660550408  0.00947912969
  4.01204205  0.00662312238  0.00952408835
  4.03387451  0.00664195651  0.0095650563
  4.05582571  0.00666041439  0.00960619841
  4.07789612  0.0066814418  0.00964750443
  4.10008669  0.00670462474  0.0096889874
  4.12239838  0.00672751898  0.00973064732
  4.14483118  0.00675173011  0.00977249723
  4.16738605  0.00677680317  0.00981453434
  4.19006395  0.00680161919  0.00985675026
  4.21286488  0.00682725757  0.0098991273
  4.23579025  0.00685328757  0.00994168222
  4.25884008  0.00687907171  0.00998442061
  4.28201532  0.00690514408  0.0100273639
  4.30531693  0.00693122623  0.0100705009
  4.32874537  0.006957056  0.0101138242
  4.35230112  0.00698249647  0.010157316
  4.37598515  0.00700761098  0.0102009885
  4.39979792  0.00703244749  0.0102448575
  4.42374039  0.00705245277  0.0102889147
  4.44781303  0.0070706415  0.0103331646
  4.47201633  0.00708838645  0.0103776045
  4.49635172  0.00709987711  0.010411758
  4.52081966  0.00710937707  0.0104435217
  4.54542065  0.00711823162  0.0104753729
  4.57015562  0.00713870488  0.0104943924
  4.59502506  0.00716095045  0.010511186
  4.62002993  0.00718282955  0.0105280019
  4.64517069  0.00721291266  0.0105448384
  4.6704483  0.00724381721  0.0105617018
  4.69586372  0.00727453595  0.0105785839
  4.72141695  0.00730969338  0.0105955107
  4.74710941  0.00734506128  0.0106124673
  4.77294207  0.00738032954  0.010629449
  4.79891491  0.00741782179  0.010646455
  4.82502937  0.00745529635  0.0106634917
  4.85128546  0.0074926489  0.0106805069
  4.87768507  0.00752779655  0.0106959091
  4.90422773  0.00756282173  0.0107113384
  4.93091536  0.00759797497  0.0107256547
  4.95774794  0.00763654942  0.0107244579
  4.98472643  0.00767506147  0.010723263
  5.01185179  0.0077149109  0.0107220691
  5.03912497  0.00776592921  0.0107208798
  5.06654644  0.00781713985  0.0107196765
  5.09411716  0.00786931254  0.0107184956
  5.12183762  0.00792588573  0.0107173547
  5.14970922  0.00798275508  0.0107162129
  5.17773247  0.00803989265  0.0107150599
  5.2059083  0.00809719972  0.0107138539
  5.23423719  0.00815480016  0.0107126459
  5.26272058  0.00821213145  0.0107096843
  5.29135847  0.00826798379  0.0107012931
  5.32015276  0.00832407828  0.0106929094
  5.34910345  0.00838354975  0.0106801149
  5.3782115  0.00845124759  0.0106563373
  5.40747833  0.00851942506  0.0106326109
  5.43690395  0.00859170314  0.0106089273
  5.46649027  0.00867199525  0.0105852652
  5.49623728  0.00875301752  0.010561672
  5.52614594  0.0088367546  0.0105381506
  5.55621767  0.00892464537  0.0105147278
  5.58645296  0.00901340134  0.0104913572
  5.61685276  0.00910374708  0.0104680108
  5.64741802  0.00919600856  0.0104446877
  5.6781497  0.00928919949  0.0104214037
  5.70904875  0.0093796337  0.0103981812
  5.74011564  0.00946655218  0.0103750098
  5.77135181  0.0095542511  0.010351887
  5.80275774  0.00964355841  0.0103076706
  5.83433437  0.00973449647  0.0102429446
  5.86608315  0.00982627179  0.0101786144
  5.89800453  0.00993654132  0.0101134209
  5.93009996  0.0100628519  0.0100475932
  5.96236992  0.0101907337  0.00998219103
  5.99481535  0.0103277182  0.00991724897
  6.02743721  0.0104717351  0.00985275488
  6.06023693  0.0106176706  0.00978866592
  6.09321499  0.0107699297  0.00972500257
  6.12637234  0.0109268064  0.00966174901
  6.15971041  0.0110858288  0.00959890895
  6.19322968  0.0112511413  0.00953062531
  6.22693157  0.0114207277  0.00946006365
  6.26081657  0.011592675  0.00939002167
  6.29488611  0.0117782084  0.00931867771
  6.32914114  0.0119707864  0.0092471987
  6.36358213  0.0121661611  0.00917626545
  6.398211  0.0123714823  0.00910592265
  6.43302822  0.012582046  0.00903613493
  6.46803474  0.0127957314  0.00896687992
  6.503232  0.0130188307  0.00889808498
  6.53862095  0.0132467905  0.00882978644
  6.57420206  0.0134781683  0.00876202621
  6.60997677  0.0137193436  0.00869484991
  6.6459465  0.0139652928  0.00862820167
  6.68211174  0.0142149758  0.00856206194
  6.71847391  0.0144749265  0.00849700626
  6.75503397  0.0147396307  0.00843251217
  6.79179287  0.0150083946  0.00836849306
  6.82875156  0.0152870724  0.0083059771
  6.86591196  0.0155704301  0.00824399572
  6.90327406  0.0158581473  0.00818247255
  6.94083977  0.0161568113  0.00812142063
  6.97860956  0.0164602231  0.00806082413
  7.01658535  0.016768558  0.00800066628
  7.05476761  0.017089976  0.00794090051
  7.09315729  0.0174164101  0.00788158085
  7.13175631  0.0177493021  0.00782271102
  7.17056513  0.0181058627  0.00776435668
  7.20958519  0.0184680894  0.0077064354
  7.24881792  0.0188387781  0.00765291182
  7.2882638  0.019237062  0.00763101131
  7.32792425  0.0196417775  0.00760918343
  7.36780071  0.0200477242  0.00759066781
  7.40789413  0.020431079  0.0075898096
  7.44820547  0.0208204128  0.00758895138
  7.48873663  0.0212144088  0.00758810714
  7.52948809  0.021608822  0.00758730387
  7.57046127  0.0220093373  0.00758649549
  7.61165762  0.0224167109  0.00758568384
  7.65307808  0.0228326004  0.00758484518
  7.69472408  0.02325489  0.00758400327
  7.73659611  0.0236871745  0.00758315669
  7.77869654  0.0241349488  0.00758229755
  7.82102585  0.024589669  0.00758143701
  7.86358595  0.0250546485  0.00759710232
  7.90637684  0.0255333632  0.00764649687
  7.94940138  0.0260195453  0.00769621367
  7.99265957  0.026501812  0.00774954259
  8.03615284  0.0269720815  0.00780878915
  8.07988358  0.0274494663  0.00786849111
  8.12385178  0.0279299878  0.00792863872
  8.16805935  0.0284119658  0.00798922963
  8.2125082  0.0289011672  0.00805028528
  8.25719833  0.0293965656  0.00811181404
  8.3021307  0.0298980698  0.00817382336
  8.34730911  0.0304070339  0.00823630951
  8.39273262  0.0309301801  0.00829926878
  8.43840313  0.0314677283  0.00836270861
  8.48432255  0.0320133492  0.00842663087
  8.53049183  0.03257991  0.00850825384
  8.57691193  0.0331657231  0.00860506017
  8.6235857  0.0337604433  0.00870296918
  8.6705122  0.0343449041  0.00882259663
  8.71769428  0.0349246226  0.00895834342
  8.76513386  0.0355129056  0.00909617729
  8.81283092  0.0361000001  0.00923614763
  8.86078835  0.0366898999  0.0093782749
  8.90900612  0.037288364  0.00952258799
  8.95748615  0.0378945619  0.00966912415
  9.00623035  0.0385090858  0.00981791504
  9.05523968  0.0391325094  0.00996899419
  9.10451508  0.0397753753  0.0101223923
  9.15405941  0.040431723  0.010278156
  9.20387268  0.0410976298  0.0104363104
  9.25395775  0.0417960845  0.0106540145
  9.30431557  0.0425119735  0.0108942548
  9.35494614  0.0432384871  0.0111399079
  9.40585327  0.0439179428  0.0114175957
  9.45703697  0.044593256  0.0117086293
  9.5085001  0.0452781022  0.0120070986
  9.56024265  0.045927424  0.0123131871
  9.61226654  0.0465775505  0.012627081
  9.66457367  0.0472364016  0.0129489778
  9.71716499  0.047861211  0.013233399
  9.77004337  0.0484889448  0.013518597
  9.82320881  0.0491246618  0.013809924
  9.87666416  0.0497922972  0.0140888551
  9.93040943  0.0504702032  0.0143721905
  9.98444843  0.0511569902  0.0146612264
  10.0387802  0.0518526249  0.0149561251
  10.0934086  0.0525573753  0.0152569627
  10.1483345  0.0532712638  0.0155638587
  10.203558  0.0539920665  0.0158768911
  10.2590828  0.0547222644  0.0161962193
  10.3149099  0.0554619022  0.0165219679
  10.3710403  0.0562103689  0.0168542806
  10.4274769  0.056968566  0.0171932764
  10.4842205  0.0577370897  0.0175397769
  10.5412722  0.0585191436  0.0178986229
  10.5986347  0.0593114011  0.0182648133
  10.6563091  0.0601127185  0.0186406542
  10.7142982  0.060917642  0.0190361198
  10.7726021  0.0617329665  0.0194399785
  10.8312235  0.0625569671  0.0198524129
  10.8901634  0.0633840561  0.0202736594
  10.9494247  0.0642217845  0.0207038652
  11.0090084  0.0650693774  0.0211431757
  11.0689163  0.0659251437  0.0215917956
  11.1291504  0.0667918622  0.0220499355
  11.1897116  0.0676731393  0.0225178078
  11.2506027  0.0685745552  0.0229956489
  11.3118248  0.0694876164  0.0234836526
  11.3733807  0.0704211965  0.0239913687
  11.4352713  0.0713849515  0.0245295167
  11.4974985  0.0723613352  0.0250797346
  11.5600653  0.0733356923  0.0256680343
  11.6229715  0.0742975697  0.0263142567
  11.6862202  0.0752717033  0.0269767549
  11.7498131  0.0762378126  0.027656028
  11.8137522  0.0771871358  0.0283524599
  11.8780394  0.0781480968  0.0290664323
  11.9426756  0.0790993497  0.0297982823
  12.0076647  0.0800367072  0.0305484589
  12.0730066  0.0809850916  0.0313175172
  12.1387043  0.0819164589  0.0320952646
  12.2047596  0.082830444  0.0328815989
  12.2711744  0.083754614  0.033687152
  12.3379507  0.0846868604  0.034482453
  12.4050903  0.0856276006  0.035271205
  12.4725952  0.0865787864  0.0360779949
  12.5404673  0.0875432789  0.0369032323
  12.6087084  0.0885204226  0.0377473347
  12.6773214  0.0895084888  0.0386107825
  12.7463083  0.0905222744  0.0394939482
  12.8156691  0.0915560499  0.0403973013
  12.8854084  0.0926016197  0.0413213335
  12.9555273  0.0936917439  0.0423271433
  13.0260277  0.0948102996  0.0433870107
  13.0969114  0.0959421024  0.0444733649
  13.1681805  0.0969715938  0.0456713513
  13.2398386  0.0979670361  0.0469351262
  13.3118858  0.098972626  0.0482338592
  13.384325  0.0998607874  0.0495650284
  13.4571581  0.100716889  0.0509318225
  13.5303888  0.10157983  0.052336324
  13.6040173  0.102353938  0.0536620133
  13.6780462  0.10311  0.0549926944
  13.7524776  0.103870362  0.0563563704
  13.8273144  0.104566738  0.0577539653
  13.9025593  0.105253942  0.0591862351
  13.9782124  0.10594371  0.0606540218
  14.0542784  0.106455222  0.0621581338
  14.1307573  0.106944054  0.0636994615
  14.207653  0.107430868  0.0652789846
  14.2849665  0.107674852  0.0666750297
  14.3627014  0.107895628  0.0680862516
  14.4408588  0.108108386  0.0695273355
  14.5194416  0.107943706  0.0709693134
  14.5984526  0.107755788  0.0724407136
  14.6778927  0.107557327  0.0738958195
  14.7577658  0.107578553  0.0736287609
  14.8380728  0.107587457  0.0733626708
  14.9188175  0.10768041  0.0731613189
  15.000001  0.109069236  0.0738161206